I	9541	71847	2	2	1	0	2	16
I	9541	72487	2	2	1	0	2	16
I	9541	72538	2	2	1	0	3	16
I	12680	12727	1	1	1	1	1	43
I	22778	72649	2	2	1	1	0	16
I	22782	61558	2	2	1	1	0	20
I	24144	71892	2	2	1	1	0	13
I	24144	72069	2	2	1	1	0	13
I	24146	71802	1	1	1	1	0	15
I	25756	25890	1	1	1	0	1	30
I	26161	26430	1	1	1	0	3	49
I	38942	48776	1	1	1	0	1	14
I	38942	72720	1	1	1	1	0	14
I	38942	72891	1	1	1	0	1	14
I	44221	72098	2	2	1	0	1	15
I	44337	164536	2	2	0	0	8	14
I	51727	126072	2	2	1	3	2	13
I	58456	77534	1	1	1	1	0	16
I	58705	77440	2	2	1	1	0	13
I	59491	81430	2	2	1	0	3	13
I	60573	77537	1	1	1	1	0	13
I	63799	78235	1	1	1	1	0	12
I	66190	77531	1	1	1	0	1	19
I	71943	129323	2	2	1	1	1	17
I	72167	163274	1	1	1	1	2	15
I	72196	129323	2	2	1	1	2	20
I	72285	86958	2	2	1	0	1	13
I	72392	86896	1	1	1	1	0	14
I	72402	86896	1	1	1	1	0	14
I	72471	131464	1	1	1	0	2	16
I	72480	92627	1	1	1	0	2	20
I	72551	112885	1	1	1	0	1	15
I	72569	86896	1	1	1	1	0	14
I	72670	129323	2	2	1	1	2	21
I	72759	86896	1	1	1	1	0	14
I	72988	131464	1	1	1	1	1	16
I	73083	129323	2	2	1	0	3	17
I	73197	86896	1	1	1	0	2	14
I	73223	163274	1	1	1	1	2	15
I	73283	86896	1	1	1	0	2	14
I	76609	142622	2	2	1	2	0	12
I	82871	162751	2	2	1	2	0	12
I	82873	161975	1	1	1	0	3	12
I	82873	162414	1	1	1	0	3	14
I	82873	163976	1	1	1	1	3	12
I	82873	165166	1	1	1	2	1	12
I	82876	84231	1	1	1	1	0	15
I	82876	161202	1	1	1	1	1	15
I	82876	162569	1	1	1	2	0	15
I	82876	162881	1	1	1	0	2	15
I	82876	163237	1	1	1	2	2	15
I	82876	163433	1	1	1	2	3	15
I	82876	165504	1	1	1	0	2	15
I	84461	165639	2	2	1	43	4	17
I	86339	126072	2	2	1	2	2	12
I	86339	132075	2	2	1	1	2	15
I	87388	87500	1	1	1	7	1	46
I	91202	139466	1	1	1	0	1	15
I	91202	139800	1	1	1	1	0	14
I	91202	139948	1	1	1	1	0	15
I	91202	140011	1	1	1	1	0	15
I	91202	140332	1	1	1	1	0	15
I	91202	140436	1	1	1	0	1	15
I	91202	140902	1	1	1	2	0	15
I	91202	140931	1	1	1	0	1	15
I	91202	141049	1	1	1	1	0	14
I	91202	160869	1	1	1	0	2	15
I	91202	162443	1	1	1	2	0	15
I	91202	164138	1	1	1	0	2	15
I	91202	165643	1	1	1	1	2	15
I	98806	108181	1	1	1	0	1	22
I	98806	139936	1	1	1	1	0	22
I	98806	139996	1	1	1	1	0	22
I	98806	140115	1	1	1	0	1	22
I	98806	140470	1	1	1	1	0	22
I	98806	140584	1	1	1	0	1	22
I	98806	160781	1	1	1	1	1	22
I	98806	163274	1	1	1	1	1	22
I	98806	163873	1	1	1	2	0	22
I	98806	164421	1	1	1	2	1	22
I	98806	165053	1	1	1	4	1	22
I	100382	163986	2	2	1	0	1	16
I	100949	140584	1	1	1	0	1	14
I	100949	140773	1	1	1	1	0	13
I	100951	140169	2	2	1	1	0	15
I	100951	140811	2	2	1	0	1	16
I	101903	140956	1	1	1	0	1	15
I	103670	116370	2	2	1	0	1	14
I	103670	124829	2	2	1	1	0	14
I	103670	129599	2	2	1	0	1	14
I	103670	131783	2	2	1	0	1	14
I	109124	125751	2	2	1	0	1	16
I	109124	131265	2	2	1	1	0	17
I	109124	142170	2	2	1	0	2	17
I	109124	142728	2	2	1	2	0	17
I	109124	142910	2	2	1	1	0	17
I	109124	143112	2	2	1	0	1	17
I	109124	143297	2	2	1	0	1	17
I	114822	117590	2	2	1	1	0	14
I	117334	161933	1	1	1	0	1	15
I	117542	129323	2	2	1	1	0	17
I	119678	156076	1	1	1	1	0	12
I	120030	160887	1	5	0	0	1	12
I	121777	162569	1	1	1	0	3	19
I	123864	165646	1	1	1	65	16	14
I	123870	165652	1	3	1	1	0	20
I	123898	162611	1	1	1	1	0	13
I	123898	162887	1	1	0	1	0	12
I	123903	140356	1	1	1	1	0	18
I	123903	164650	1	1	1	1	0	18
I	123903	164918	1	1	0	0	1	18
I	126091	140393	2	2	1	0	1	13
I	126091	161643	2	2	1	1	0	17
I	126091	165739	2	2	1	0	1	13
I	127404	162201	2	2	1	1	0	24
I	127404	163844	2	2	1	1	0	24
I	127404	163907	2	2	1	1	0	24
I	127404	164367	2	2	1	1	0	24
I	129039	131152	2	2	1	0	1	14
I	129527	162812	2	2	1	0	1	15
I	129527	163108	2	2	1	0	1	15
I	129527	163130	2	2	1	1	2	15
I	129527	163224	2	2	1	0	1	15
I	129527	163604	2	2	1	1	0	15
I	131633	160989	2	6	1	1	0	12
I	132091	136455	1	1	1	1	0	15
I	132091	142239	1	1	1	0	1	14
I	137048	163237	1	1	1	0	1	12
I	138073	163706	1	1	1	1	0	12
I	139848	215783	2	2	1	1	1	17
I	140172	141854	2	2	1	0	1	15
I	140205	215783	2	2	1	0	2	17
I	140874	160709	2	2	1	0	1	13
I	140969	141854	2	2	1	0	3	15
I	141106	215790	1	1	1	1	1	13
I	142254	142619	1	1	1	353	6	50
I	142874	163276	2	2	1	1	0	13
I	142912	163276	2	2	1	0	1	13
I	143165	163276	2	2	1	0	1	13
I	144573	165166	1	1	1	1	0	16
I	149610	165314	2	2	1	1	0	24
I	151007	151096	2	2	1	1	0	47
I	153385	162584	1	1	1	1	0	13
I	160161	162706	2	2	1	0	2	13
I	160368	215787	2	2	1	0	2	13
I	160501	192628	2	2	1	0	1	15
I	160649	161073	0	0	1	7	0	50
I	160679	186264	1	1	1	0	1	13
I	160690	186264	1	1	1	0	1	13
I	160696	161202	1	1	1	0	1	12
I	160768	215787	2	2	1	0	3	13
I	160808	215787	2	2	1	1	1	13
I	160824	178389	2	2	1	0	1	18
I	160836	186264	1	1	1	0	1	12
I	160836	187746	1	1	1	0	1	12
I	160851	226581	2	2	1	10	6	13
I	160861	172753	1	1	1	92	112	15
I	160914	171888	2	2	1	1	1	19
I	160934	186264	1	1	1	0	1	13
I	160969	163502	2	2	1	0	1	13
I	160980	186264	1	1	1	0	1	13
I	161001	170934	1	1	1	2	1	17
I	161016	186264	1	1	1	0	1	13
I	161020	186264	1	1	1	0	1	13
I	161039	182695	2	2	1	10	0	14
I	161049	215787	2	2	1	2	0	13
I	161052	209218	1	1	1	1	0	20
I	161097	186264	1	1	1	0	1	12
I	161097	187746	1	1	1	0	1	12
I	161175	209218	1	1	1	1	0	20
I	161206	209224	1	1	1	0	1	14
I	161340	172107	2	2	0	1	0	12
I	161524	215787	2	2	0	0	2	13
I	161567	207870	2	2	1	0	1	15
I	161689	175306	1	1	1	0	1	14
I	161689	209222	1	1	1	1	0	16
I	161790	215787	2	2	1	3	0	13
I	161827	207872	1	1	1	0	1	13
I	161854	186264	1	1	1	1	0	13
I	161856	192628	2	2	1	1	0	15
I	161856	207870	2	2	1	1	0	15
I	161980	209222	1	1	1	0	2	16
I	161992	175306	1	1	1	0	1	14
I	162123	167326	2	2	1	1	0	14
I	162176	207872	1	1	1	0	1	13
I	162249	162968	1	1	1	2	1	11
I	162249	209218	1	1	1	2	2	20
I	162252	190122	2	2	1	0	1	12
I	162257	215783	2	2	1	0	4	17
I	162450	215787	2	2	1	0	2	12
I	162456	207872	1	1	1	0	1	13
I	162497	186264	1	1	1	0	1	12
I	162497	187746	1	1	1	0	1	12
I	162504	209224	1	1	1	0	1	14
I	162602	215787	2	2	1	1	1	13
I	162611	186264	1	1	1	0	1	13
I	162611	209224	1	1	1	1	0	14
I	162821	186264	1	1	1	0	1	12
I	162821	187746	1	1	1	0	1	12
I	162862	171888	2	2	1	0	3	19
I	162892	209222	1	1	1	0	1	16
I	162906	188606	2	2	1	0	1	15
I	162939	186264	1	1	1	0	1	13
I	162980	186264	1	1	1	0	1	13
I	163036	186264	1	1	1	0	1	13
I	163090	215787	2	2	1	1	4	13
I	163140	180906	2	2	1	1	0	16
I	163221	215787	2	2	1	1	2	13
I	163311	186264	1	1	1	0	2	13
I	163327	199541	1	1	1	0	1	15
I	163362	186264	1	1	1	0	1	13
I	163406	193080	2	2	1	0	1	13
I	163421	207870	2	2	1	0	1	15
I	163563	186264	1	1	0	0	1	12
I	163563	187746	1	1	0	0	1	12
I	163583	207872	1	1	1	0	1	13
I	163640	186264	1	1	0	0	1	12
I	163640	187746	1	1	0	0	1	12
I	163679	215787	2	2	0	2	0	13
I	163738	186264	1	1	1	0	1	13
I	163738	187746	1	1	1	0	1	12
I	163773	167263	1	3	1	5	6	12
I	163860	186264	1	1	1	0	1	13
I	163996	186716	1	1	1	0	1	13
I	163996	207872	1	1	1	0	1	13
I	164012	186264	1	1	1	0	2	17
I	164012	187746	1	1	1	0	1	12
I	164127	186264	1	1	1	0	1	13
I	164127	187746	1	1	1	0	1	12
I	164260	207870	2	2	1	0	1	15
I	164263	190122	2	2	1	0	1	12
I	164299	190122	2	2	1	0	1	12
I	164321	178389	2	2	1	0	1	17
I	164339	209218	1	1	1	0	1	20
I	164383	207872	1	1	1	0	1	13
I	164444	186264	1	1	1	0	1	13
I	164444	187746	1	1	1	0	1	12
I	164536	209743	2	2	1	1	0	14
I	164653	207872	1	1	1	2	0	13
I	164664	209218	1	1	1	0	1	20
I	164729	209218	1	1	1	0	1	20
I	164737	209218	1	1	1	1	0	20
I	164763	207870	2	2	1	0	1	15
I	164766	190122	2	2	1	0	1	12
I	164785	178057	2	2	1	1	0	14
I	164800	167326	2	2	1	1	1	14
I	164980	207870	2	2	1	0	1	15
I	164982	186264	1	1	1	0	1	13
I	164982	187746	1	1	1	0	1	12
I	165167	207872	1	1	1	0	1	13
I	165285	209224	1	1	1	0	1	14
I	165340	209218	1	1	1	0	1	20
I	165350	207872	1	1	1	0	1	13
I	165356	186264	1	1	1	0	1	13
I	165431	209218	1	1	1	0	1	20
I	165529	175306	1	1	1	0	1	14
I	165624	190122	2	2	1	0	1	12
I	165635	165682	1	1	1	80	61	14
I	165669	207872	1	1	1	0	1	13
I	165672	215787	2	2	1	1	2	13
I	165700	188728	1	1	1	1	0	14
I	165802	186264	1	1	1	0	1	13
I	165802	207872	1	1	1	0	1	13
I	165842	176938	1	1	1	1	9	11
I	165854	209224	1	1	1	3	1	14
I	165905	215787	2	2	1	2	1	13
I	165956	215787	2	2	1	0	2	13
I	166063	215787	2	2	1	0	1	13
I	166089	192628	2	2	1	0	1	15
I	168867	189599	2	2	1	1	0	15
I	172769	173481	1	1	1	8	0	12
I	175088	189420	2	2	1	1	0	16
I	188984	220544	1	1	1	0	1	12
I	204941	205210	2	2	1	0	3	49
I	205481	205615	2	2	1	0	1	30
I	205978	206382	1	1	1	3	0	44
I	206383	206517	1	1	1	2	0	44
I	206809	215783	2	2	1	0	1	17
